李代数
==================================================
n    dimR    mean_variance    elapsed_time(s)
--------------------------------------------------
1    1       0.0000e+00    0.2
2    3       4.1448e-03    0.3
3    5       1.8877e-04    0.5
4    7       3.8449e-07    0.9
5    9       3.2007e-08    1.7
6    11      1.2512e-10    11.9

全参数结果
==================================================
n    dimR    mean_variance    elapsed_time(s)
--------------------------------------------------
1    1       8.4563e-01    0.3
2    3       2.1019e-02    1.0
3    5       1.0773e-04    2.8
4    7       2.0586e-06    10.6
5    9       7.4030e-08    89.3